446.05571544618334
650.6239254586078
649.4003012323947
438.13728018846604
444.6425013243958
625.8869726771491
400.7929391632866
584.5202794395317
572.7564006931298
610.283630949445
637.6578702660964
630.2176916751047
641.4262573230308
636.6429943912995
629.7843966113269
637.09706512296
534.9807471272028
484.57823693199407
566.2468337566871
571.5780843900992
537.3236394056175
601.2016941535968
626.19618466044
587.2208801170179
570.9208119174144
623.8870061579759
632.1719620645337
627.9580214887111
637.3385455763789
625.1001332168591
622.7562485548581
620.5221968254941
613.4641735830934
622.5317048862644
616.2564846964074
620.6536400110809
615.9121545609541
623.5274338801469
624.5903842538387
543.9015946106344
498.2535897495781
452.9741064791068
523.8630553860472
568.2394613512861
573.9119652478116
581.5926510542405
559.4250540931754
561.4495678871768
566.9816548227142
571.1910923744475
574.1360491294523
567.7219818173751
547.4258571031279
557.129961613951
570.1488026737035
562.6269549685179
530.2936417798621
568.9736623220568
564.3018924390735
454.8681791256883
567.1560888792227
577.5778762009554
569.2458951951488
577.8059946347012
579.9107723864072
576.5722410869994
570.833414084393
560.7285573970498
551.7817027741097
571.8027110618069
543.1682148256149
517.5709065480919
580.145102944709
558.0576074616447
577.1380617283264
575.6408007025109
571.2751216847673
569.3279543478226
568.3009785666608
562.6281247743078
567.778245086201
573.3390475355206
569.5545511354817
576.5065984878588
564.2584764408757
558.1739522184762
594.2194094034512
614.8338421298529
611.1710710245883
625.2539444194599
613.3157039538755
613.6502231006997
615.0554364686892
617.0252707965732
613.9269165514527
619.1672918661457
609.1588867654109
613.5307754806287
599.989525977828
611.6556997826417
567.611485891587
618.9343316509446
601.3881136497565
547.9179763796277
575.3962404545713
619.2431466090819
621.9277675395978
617.5705311166288
613.7607537899102
616.4497405374144
613.0737550279293
621.9592065556096
615.5389303603989
613.9237085142837
611.0987300791008
606.827176109143
611.802483221687
623.4002652306016
608.3258868125653
506.0258374666539
592.8127525614113
623.1371495880135
595.4276064182274
599.3777440908267
582.3669621203442
570.5489427021163
590.7327731449867
615.7340503555848
611.2555795253492
627.7388341340115
607.0475339345226
599.6605915424561
604.3310422096223
605.5345804988253
588.5889435869266
608.6114689785765
556.5252097333636
625.8393252657837
587.8359956094608
614.9610558758217
563.8784713521025
574.0810489488111
593.5276776254727
580.5470674040898
540.2636362434928
536.2987044504554
602.4475321528755
602.8393024231895
591.6691711568219
593.1850327380746
603.8491397601836
580.786914769605
567.1794729772769
610.1628628349287
615.254762506358
616.3850216128399
620.4083641907669
606.3434424401609
603.5025879521124
589.4649228370591
613.0167582161932
599.4142600835172
545.8369183005906
594.0775329433828
598.5077574696423
615.0023178950885
431.15289091679847
413.92858133616824
450.9345839607507
449.7724690505461
468.6771900349154
476.060657263633
514.046591918957
496.3020016157873
497.47366572531877
525.4657131662767
495.7738812743548
434.52911346427726
507.04869303285926
530.5138720713874
511.1807442493501
534.4985661974625
510.3203408994541
479.3199406984559
480.72965667513347
489.31733990580983
436.11890418146265
482.1640621693194
461.4919178970979
479.87381857942705
467.2491447197655
369.40954067948815
403.58745732244483
395.1922142412183
434.33117779230344
378.70308704073545
417.6787430641251
375.20630713838557
419.2414269268127
415.75847107448664
400.1543258756486
411.1720303294348
339.76422978755517
375.248660265237
423.36229689356253
356.3084757714248
406.4193242664789
424.64823546793576
389.8557045428431
388.74472979273355
417.31276307627996
360.91123153941413
409.4876628181261
409.1464268239587
447.9722293582731
448.35577224822697
433.8897005081862
437.5786552959825
441.62077988304344
445.44984247310015
440.7580055277388
444.00030224553655
414.0564605717893
427.7531459070678
414.0819150846285
415.36095092661066
428.8894715163999
428.88357294043055
439.42467993888647
439.34734183432215
409.6737172647883
424.9366827925913
445.5546456375867
429.78374867699165
391.46854923320143
412.11417415647577
412.91763594123506
338.7202942573119
381.2110840004907
400.3255821766665
383.3263339155133
397.0574664662224
417.9487216279822
270.42720210208705
437.80671061444514
393.5239657067501
314.49737330871596
257.11471879184114
247.61585471535693
402.08297629965506
406.11717244342447
408.55137151391597
404.4549694115732
421.00378376074633
406.40116247500487
374.12153928205964
368.0862447987343
373.216763365128
427.73420079782045
437.159554361374
408.2579754992692
433.3704719581065
436.9120142876749
434.8366855094335
431.41057237029133
424.0275926723031
412.7597687394139
431.7433934563974
435.99580330920946
394.63308548019404
425.23059636204994
422.9447366350957
426.7458827603008
425.00163163871133
413.88554227924163
421.92922944919763
426.60679225756047
432.9760737874844
435.73024945940745
430.3107116763807
428.18037733779596
431.4458120808868
418.957849062885
435.5889646746753
426.39660333946614
417.47211761596583
432.154435401685
437.9489120859459
423.3255923386003
435.2050737622766
429.1442649696213
425.1099410815394
413.37061007640926
408.7554967733558
434.2862332969173
423.98573667368095
430.65810467326077
423.37200180423747
398.7850317217916
436.6414388310151
436.99096950786753
397.7452268200139
391.19923712537377
426.05394973718063
425.02027946614714
415.3119096109142
388.31809053040257
405.4605291274676
425.0770038982229
415.44933185058187
420.2502494015475
416.38750672287034
419.94380229549637
404.788484056075
393.4127149633848
394.68197342078264
435.29120578205817
414.7398293937009
408.1774418236272
423.83235676393883
423.3340094680459
381.74396747857224
401.11762358801576
371.4685600471584
419.5402104546844
419.94369297648825
416.6450445481865
434.9098776303738
434.30881681056303
438.14402647343013
424.32624223682916
431.4568764339771
432.4625285593783
390.18741769528344
419.45288267451133
425.0335621960677
395.51647336375004
374.2716408920258
435.9163328703123
429.32751108885174
437.982479380916
445.7118055271442
449.1258223886659
442.9060833134239
442.44695984490966
436.9137437590786
437.46654181521353
433.4760290041208
440.9338301640734
403.89662078297704
438.69156096742654
442.8964817286553
443.24892624812213
440.716217652051
439.9040998859395
441.0263581949092
441.3757803492783
438.4706641211704
394.05509599572457
421.46844438027637
426.1616574727141
437.4474702152092
394.8310291802285
430.22112450276467
436.59965524659293
440.30979816387327
440.87117313664965
439.0180462171691
432.78086747804963
435.7933146171212
441.5507084390805
434.4338420854014
436.9226598565285
426.05246097196897
434.81066187111696
425.9264037692953
439.4798762772545
441.95943232918734
436.9708604171298
436.83759172247557
439.4606149188412
434.9611353475538
437.82951551015555
431.6192410432121
441.6669530870388
436.4763055759969
424.277129792181
433.0080605514888
431.201701957447
432.2587147820735
435.58497028386563
439.7304461121562
444.4474067414479
443.40572441392675
442.11534265266147
428.9050629575033
439.1334299524374
440.38711946968886
440.4546065193499
437.46655550356195
437.81040767966925
434.2268851998199
435.3581882905398
438.10659957039627
439.0565022564602
439.8748920357928
435.11253903345187
435.5375498418892
345.43279810750806
365.98575621059604
380.4904723709007
254.4407012234174
247.1920351187157
244.05957591967365
247.56235451306162
243.55927215061112
248.33890690616738
244.78109839546474
242.97383375958518
239.68645341036787
243.95650720805205
246.2757615706473
244.74620957379176
244.1217755292782
238.91089907884765
234.42040160100547
315.14223602125594
263.65551399185784
373.4759774003395
371.96113307395905
371.5232562990728
389.85404853557907
372.67367611430217
295.60189440722496
278.3540156923478
287.94727176484685
405.63089378186606
320.6268088751171
248.61680913815482
249.7747604664535
252.74404611418979
246.90928217365484
252.3233542689187
245.8147100966296
249.9444250653229
246.94280442601297
375.3312926598556
249.04859081639378
315.0796639291679
390.82991982957844
394.31856893755264
382.44321870682523
223.5476167615196
233.49333983192727
252.35137857856932
247.27221156204212
251.87374569555456
234.8821612054717
260.4684390898896
264.97378254240317
256.4254308246367
261.28065197468413
313.1331149230135
455.51423329934784
447.2115003969381
418.860891600127
263.17052954681355
345.04819498413616
453.0668338348429
465.10247724855645
458.55045346248664
421.65232644989055
478.81674304670975
447.3898783339197
443.7329104726252
475.8156811401106
457.7365650713928
456.57974126606615
482.7634239221082
457.4624662018746
270.1535234834541
266.1863880078688
314.6189789871883
354.4354067713027
295.1253165788232
369.1859658344298
274.52595980727267
390.5778189314694
253.3497687469031
312.42345239794173
448.0220469833606
436.057199987516
449.21290569036637
431.84673644930416
283.65495968496106
243.67928587739493
319.0917089755232
412.2302585134244
390.5262734789115
403.9558414074905
439.6575950795462
425.1596861178465
416.04986173742765
461.4745527663075
425.8012424475121
435.22460065615365
227.28893498065443
240.02489164997846
268.49202920369584
268.9958246587826
257.48573544014494
258.3952724460526
258.6143154463463
268.58617366852644
235.6058820828821
265.827207080363
236.39721807581708
269.3394505560076
277.079684250617
482.61649669130765
472.6238291449641
437.00074018017256
330.1020801715764
272.74889467157584
264.86510824361
252.715552338737
274.4735562881722
261.79498637769194
235.73857322527533
331.3535563802085
273.888154600995
246.29423191179697
253.6265760004677
225.6336118286276
261.7477074272624
268.33341545677047
259.16107866120393
253.9432103410338
255.5257972093573
265.4941613051684
236.88618921963683
235.9302393709487
232.83262773432915
238.18397665348363
221.64039172168563
236.39944581931138
232.31917503580053
270.86203311329274
401.46620068057086
252.91127932277607
234.4742676071053
229.88197561619003
227.12332503205582
230.30471184717376
249.11730132173224
310.84560960361796
279.0794887597072
280.0878153896445
249.443829344924
446.1313620166995
448.75978216592046
456.3008402942272
469.0741496337841
470.90973413492213
466.34297871743337
437.48384000821414
456.56648614257864
463.7741823595321
458.79901686299996
429.5867236883785
460.7994645006223
448.8255325765239
459.46092379655653
439.94340350582837
451.2436552898104
466.08179455999067
458.84315492826596
461.61088386805494
458.7904150949439
469.3609313970506
462.6492721677818
452.29232288242844
451.3701070786663
451.8293377487168
448.0557259737677
442.3487217169792
449.0099641085695
453.0119346168195
446.34607244723105
463.1148625677067
449.112592568417
460.84357818333007
460.862009906057
463.6996682145419
456.7568582097189
448.1572242986784
449.97597512725116
460.36967068666996
463.2928395328354
441.2824278175979
464.30035881816605
491.68028585256184
475.13268483593106
558.3903207857007
529.9290617416738
434.8721309915767
449.39720798415743
435.19562705956525
273.6149761154831
378.0436618336107
228.9794244525247
397.10521246320474
415.13669923890984
479.78286194327944
428.6471671005238
437.97914986075693
416.8509803243802
439.6803904095654
428.8874936115069
416.103288041217
430.8491608418589
427.6991417228594
427.60494075664235
400.01367997223264
425.2797530092572
438.39164071774496
432.03863533975635
326.0884615741348
466.6566036063176
450.96443538705506
459.9357351642932
464.839300885816
453.33123998972826
450.4002741637106
352.76990810538956
237.84969742851453
252.6313907698662
255.0669615052978
412.00904181334255
282.9440901176236
360.1604141602956
563.5457599513403
554.8473115045535
558.5284096110792
562.0443025776278
295.62642536991206
256.16749232553326
239.1712787814558
232.7493551426202
343.3186949436104
379.3939744464567
407.5495362953935
201.68827102484616
200.0301416039697
222.7368826101065
224.879898362511
211.4165674267872
210.97727555635552
189.90363179766052
200.93515841604417
269.5498535876487
365.4511874982721
298.2119868206965
232.155643043341
211.185564711313
216.95724364058492
223.76149440675755
225.48428931661962
218.11482934232666
217.78279372288517
219.47862085193626
406.72164994839255
387.016038142289
386.2817761654379
367.2960561979331
355.63837769836533
380.5505234254559
373.7857444475207
378.66410414331784
307.553790478247
361.68208924028585
374.9038964994147
376.4234184054713
359.3623321428741
373.20268638766146
367.0456133571117
367.841985133508
358.2456932768435
366.68592925065633
381.74365825391567
369.0644543973755
396.11109429025424
370.0174778682465
217.47340496659774
261.2585376655463
252.77768772898898
248.33454289462549
246.95313623147965
243.9849078175603
290.4247106455383
332.4954168266001
242.1135509797179
216.2253986298531
214.94673043647617
192.2015699887994
208.1615643078243
302.7480959019418
256.20621284966114
246.54321530829526
294.1850858901728
199.526908132829
203.32647674105456
194.43100945565266
202.8819100420447
198.14516405204475
194.8342092665594
202.75721119693642
210.2698751089474
199.34282659845485
204.94433164527928
212.4533777400637
203.62622802742655
212.57555178933399
210.61662123647932
207.21519426849338
208.54574428613896
215.75778147034865
213.23692293012948
210.62939687756165
213.74871629476363
211.69251285788653
205.94383094205227
223.87891763445737
223.2832465032606
224.30980892761815
220.1039755852379
221.06215226871754
207.04078073575903
203.09977325558705
222.08764260591184
239.82924251981837
224.08224429722907
245.49514382412028
203.43092674933322
207.15039227608077
203.0281147564365
217.68932656438838
213.74057518373235
225.10574265492517
209.03917045832534
221.8032345155731
213.79311772050625
213.9016368475279
211.33477141747483
209.05139284077092
333.1593653670832
276.62376736901854
244.14566404571175
242.4724061514086
231.88115816431588
246.70713519375184
230.9515456707774
245.22914786556888
236.64296776933526
241.30676287001543
257.89326459531037
242.55873445750137
219.3011126000732
218.10223871077204
221.57139798550202
221.5682927206008
216.32350672762732
217.2856605639931
251.14409128657175
223.53235874959327
225.9655558849196
229.9049453612176
222.58783158705387
231.9783091113137
267.7863008747039
319.8480165545117
351.9604686246418
346.9318730275056
348.9400387593204
358.12761229991924
358.03856548766925
356.73408188478027
352.0078008808839
342.4575964285878
350.5232613743574
351.12283396500027
357.45764007855246
356.0743658264968
346.2874761736148
335.97013930560036
343.0761338488547
354.86622677893985
338.00291262609267
346.14862179740925
342.32709037855875
348.3450560998784
338.4257417429418
354.2711077612741
342.8562590952707
345.95999075461305
343.11017382088966
345.83454955507204
339.3646510436523
340.9986479334797
341.8249180682075
337.40308167461944
349.88319970137456
350.59804942019304
348.8399471401901
336.66572930438036
346.61906534109
356.39546173047313
343.7145749296403
354.25704430123574
337.46379245379444
345.74924448466885
344.18353319327105
339.02279421943854
347.33243840571095
337.8922657764272
348.50512234239756
339.7854761018789
340.7805245355
347.19397210319005
342.94577292776074
351.3605274321687
341.2770176262499
326.21980701211464
348.6727587037509
349.28053134092977
333.44487106500566
338.1279066442502
348.7786476590038
326.9367680043925
341.5470392713331
330.448356926429
340.940017626313
365.7494676699161
372.73887030770305
378.2418484711917
362.48751846465217
370.0078093865695
375.8126516357758
376.4159323251412
381.7611354446222
374.1415727953673
345.28606923142496
370.6165170678229
373.0177785405975
384.21494133836825
379.788037313924
371.84038260364565
368.7276037732535
377.20723986835793
379.4028115166115
371.88582053110474
374.7993396146127
377.06505919977815
375.1844713367987
317.3161856414196
321.27921198939373
344.31182960259156
361.38413879005657
288.9200303830365
235.23969622313248
303.1024237489971
333.09343185216903
350.498246365595
280.0079264405065
227.971085795412
234.63722709868472
237.24855830049262
198.6255069307085
249.83072127858694
232.60173098157827
242.52256065371108
237.72477582163538
224.56155980697244
217.76498162898196
218.88497450305334
214.81596315602704
212.7851146850963
232.60740809993314
232.54313908687783
224.0345377463037
203.82229985763115
218.36358476268552
365.311241867689
371.8429637817869
382.40124467415626
371.437742712743
182.0027283763766
258.9115779501473
253.4250918637137
251.05877741692805
251.53734008671137
219.2979789161374
209.5771829461708
206.79599535102653
223.1082321135554
233.45809615685803
235.15783374175916
238.09632747309516
237.39313774481013
219.85576808614812
188.5993795970802
285.62773193866667
254.06986300945007
240.2816868859401
233.31167040739294
233.23798294752427
240.51043234437037
243.83396078240008
235.41688820761263
241.95305394153684
242.34900870318876
244.6725723451329
227.6929075466813
215.9593014701803
229.40338036877534
247.97939817763842
262.5936242919838
255.24268603946035
253.01331403252317
250.37053227543672
252.89836150984067
251.5929511259969
248.87729259881957
248.31066264611732
249.1547056126768
236.38037811976307
251.94184186147714
251.66907234021167
255.2042484180598
252.20676651414576
249.40881936406728
251.97801017403125
253.06879026795733
253.42860148251754
255.41407537196835
252.35067865409562
253.4697028000921
241.76211355831686
252.0381492001205
252.73535613377302
497.0321898870429
405.42010290235396
400.8549921183801
295.8561604486745
228.72140309679747
233.7262701930726
236.8826345060369
240.09050194911995
190.54471791515283
215.22625993705975
392.60054588862124
389.9824362558821
401.58830930755346
245.2713944718361
232.9301560512268
235.38860299003684
230.34350932282655
234.7453909300653
228.89885854109875
260.0290166141973
230.42170681050882
229.72666195576747
231.42331692831615
218.21359047179743
242.66903632718973
232.90573850694875
233.55313337069504
225.86357490136646
258.1950995979737
238.6161263215717
230.60803169681637
233.90526498371813
225.7722062293293
235.3455309344216
216.41419090833
309.406005141182
323.4705937685277
231.18315438312877
222.00001599512214
218.23406265887684
219.7223420083771
228.1569729791642
231.06676370914255
233.09944753321744
227.57878879160532
234.46307275249782
228.9286830113247
232.03498643678435
233.93775757885967
298.6671552091325
410.8821328178289
403.8970913986767
388.26426082957767
399.30595867635196
330.6263508958245
229.88261818749433
222.11187922971592
266.7974120949228
246.5851084489009
234.46835481857752
305.4269814592025
384.46983861604485
410.82868669713923
399.26778415339345
405.0718857287921
421.80371657363605
420.0842779820502
426.27129553035616
417.36895214003755
422.489966716469
406.8033185567614
419.8985406840232
420.93833581917175
383.5792918995663
416.07802193028573
215.2143152936638
261.82692922512666
250.154034273736
251.37076435002484
249.0938649913727
252.77904357355592
248.55520130611328
250.83332794605042
273.5275588225042
248.2957646269452
252.04154629585602
230.02279588830436
250.99162932374603
248.61854366315814
251.08474035756618
249.0677042429088
249.0968399670228
245.64344074804802
270.714780896117
349.44528124348847
233.51908075334654
385.22132134561997
404.26885060633475
381.98718353758574
249.5432570861995
252.42821623455953
246.27713243407908
243.83869538335708
248.2414251647188
245.34070554650503
239.5704517263544
249.84127978608942
246.64619157691152
221.67378116228542
243.83955443545284
242.95654342638292
231.3815037025115
185.78483093173494
199.82685310072327
198.05459041895978
205.24038995685837
209.44330070702213
209.34515313351508
229.7503381491974
241.71590036946083
241.79441991955215
242.19870503763875
243.07858399798104
235.8355229989177
240.34201685581942
247.50918852570376
235.9195977463043
291.05607726425006
243.77958984342533
242.22214311720052
243.42500365604354
230.80315961701888
223.7291402966746
235.01468738137177
313.6518616767819
333.86915156417587
242.11029884266273
238.1065378339875
234.74930879202904
236.59562644802077
240.86583394766706
239.51607371861778
237.12057528767258
236.75528108333714
202.2900808827249
208.95366731470324
186.66916490295486
188.50256523778896
184.88658946725516
185.53578009185946
178.67206429049506
177.49585057347718
187.0228131496777
185.6487208915804
173.11491133398914
175.861808096573
180.38890956812347
183.10241480654565
185.35934287071052
226.23566950939357
210.62069734270528
223.77944496497582
231.4508014716489
226.04624434059681
167.17897955703125
194.91199097443513
186.64173579612378
335.83502685929005
232.69146857735308
174.32602211006963
167.64218567231077
210.05809147649302
219.35734379162827
214.80953925730597
220.8974939226124
211.56598879040797
220.52992465400382
221.8416279718865
220.97654247438214
221.02009262167942
218.89679201193798
221.14252199890947
431.0797172248018
419.350346018945
393.371766614572
416.51456066206595
416.50597824483003
417.7504042169295
403.37281400812054
375.84738189612375
445.8862680363816
392.9116567699107
401.62554055248273
406.2246933046684
411.48187054380463
405.9067048382285
402.99234622731143
378.72485216512115
403.2499048215569
403.0343848837583
413.3722315282819
398.2392152312706
402.3328665273811
405.7430517209538
377.7649201307116
396.5995631461349
406.60232042196327
303.8170527482125
201.5570533022196
399.06370494184694
374.06522466620646
388.103443001591
381.3416698726958
382.1968758991261
365.62131190760607
237.11659396174065
204.32676604035194
187.19667126494116
205.19131727529066
219.55062218617772
208.6916395068346
18.174082131841242
448.574567785239
465.26059737793076
442.08936316277953
226.1198746877768
224.62727000627325
225.54801304317272
223.29699641310077
224.361738455561
224.63973376133117
223.17168845053428
225.16909058959985
223.36154745081842
193.48130314263977
215.13455011160463
283.42011797774336
564.1203321602122
502.10500706421556
496.41270763717256
468.33091489696324
395.1115749447181
408.6882938437091
442.40849091868387
500.1501772721425
470.0780525178997
317.34266915943437
329.6772077047038
218.36110533606185
208.79183065643176
223.27778481052414
511.61960782381186
265.40938474236225
237.9627530181535
237.04600594420143
236.69653108170172
289.4050075250198
258.0373215135131
248.59160304678434
242.50371786065614
238.9142400258797
235.86310930500025
236.1108247976037
239.64848024424043
225.03656954780124
237.90965964594756
236.3439086561501
230.94871873469936
244.15696834953795
236.8999649098298
244.15411161872677
239.06700540815413
229.0919519314277
231.872004122224
219.61146238689855
193.86058626504303
175.59735479120943
243.47675865249272
241.08147126243549
3.214266130502237
2693.2777987254026
